42 320
278 288
177 267
372 271.2
303.6 349.2
302.4 348.48
161.28 234.72
364.32 305.28
452.736 297.216
183.168 357.696
174.528 406.08
273.024 418.176
172.109 381.542
452.045 296.525
128.563 271.642
217.728 288.23
311.04 304.819
159.253 365.783
161.741 405.596
283.669 338.412
176.173 268.739
170.201 409.08
311.737 304.57
284 337
216 289
166.8 441.6
225.6 454.8
324 411.84
177.984 435.456
216 288.576
309.312 305.856
369.101 277.862
217.728 288.23
170.035 296.525
130.637 435.456
413.061 296.11
316.017 418.038
273.715 418.038
447.898 319.5
274.711 418.038
176.173 268.739
182.742 358.318
