297 362
159 260
161 159
253.2 174
208.8 400.8
338.4 267.6
158.4 187.2
205.2 224.4
338.4 267.84
324.864 202.176
319.68 162.432
167.616 174.528
169.344 193.536
236.736 252.288
217.728 393.984
205.286 226.022
350.853 365.783
116.453 220.963
170.201 194.089
502 133
546 231
593 143
509 242
403.2 237.6
520.8 334.8
556.8 208.8
195.84 378.72
329.76 198.72
544.32 231.84
430.56 303.84
361.152 141.696
603.072 214.272
499.392 241.92
559.872 164.16
297.216 36.288
580.608 201.139
557.798 165.888
577.29 306.063
364.29 418.038
