155 288
131 428
174 175.2
306 163.2
496.8 181.2
510 250.8
511.2 273.6
322.56 246.24
280.8 213.12
41.472 131.328
304.819 161.741
143.078 85.0176
172.109 172.109
235.893 152.285
143.327 74.6496
271.725 134.369
168.41 171.993
578 147
367 328
307 164
299 146
502.8 297.6
496.8 181.2
534.24 243.36
610.56 282.24
354.24 272.16
557.28 299.52
501.12 328.32
599.616 267.84
603.072 101.952
513.216 108.864
556.416 300.672
589.248 177.984
275.789 170.035
545.357 190.771
544.942 273.715
542.454 248.832
589.732 238.879
537.477 218.972
517.571 136.858
501.645 328.458
528.519 158.257
