594 119
309.6 188.4
112.8 267.6
289.2 327.6
543.6 57.6
274.8 106.8
396 282
289.44 326.88
378.72 240.48
321.12 351.36
304.128 271.296
482.112 63.936
333.504 217.728
464.832 167.616
329.702 240.538
385.69 180.403
350.853 393.155
482.734 62.208
304.57 155.271
441.926 244.851
319.5 200.061
316.514 134.369
331.444 271.725
548.227 394.15
297.404 68.0805
343.985 300.987
114 231
477 310
44 260
289 328
69.6 110.4
444 157.2
402 196.8
295.2 175.2
396 282
38.88 138.24
309.6 188.64
341.28 326.88
378.72 240.48
328.32 241.92
280.8 371.52
413.28 383.04
322.56 96.48
432 272.16
112.32 262.656
82.944 276.48
352.512 350.784
323.136 96.768
404.352 107.136
320.993 131.881
418.038 241.367
379.22 238.879
331.444 271.725
440.731 243.656
383.4 236.49
