471 130
341 204
380 333
168 178.8
124.8 63.6
435.6 332.4
361.2 66
422.4 242.4
373.2 278.4
462.24 174.24
416.16 148.32
135.36 203.04
191.52 254.88
381.6 299.52
326.592 274.752
165.888 207.36
419.904 278.208
340.416 226.368
482.112 326.592
508.032 44.928
445.824 205.286
514.253 240.538
369.101 228.096
342.144 203.213
369.101 178.33
370.76 204.042
477.758 47.2781
471.786 131.383
364.29 226.935
331.444 212.005
465.814 207.825
245 288
152 155
371 231
341 204
326 276
168 178.8
361.2 66
592.8 237.6
328.8 112.8
334.8 75.6
446.4 207.6
346.8 151.2
462.24 174.24
372.96 277.92
325.44 275.04
400.32 86.4
361.44 66.24
371.52 278.208
165.888 207.36
340.416 226.368
444.096 207.36
508.032 44.928
462.413 300.672
369.101 178.33
466.56 209.434
595.123 236.39
166.717 206.531
328.458 268.739
510.603 203.047
361.304 68.6776
549.421 98.5375
465.814 207.825
