266 138
446 183
414 156
210 187.2
417.6 297.6
364.32 77.76
528.48 285.12
554.4 113.76
552.96 100.8
575.424 96.768
578.534 105.754
418.867 294.451
443.75 205.286
449.971 153.446
415.549 97.0445
539.966 194.089
537.477 194.089
498.659 197.075
447.898 154.077
419.232 157.66
469.397 265.155
494.479 139.744
417 297
414 156
574.8 55.2
236.4 223.2
520.8 240
417.6 297.6
411.6 58.8
236.16 223.2
496.8 198.72
385.92 119.52
554.4 113.76
565.92 217.44
240.192 252.288
554.688 152.064
416.448 342.144
423.014 238.464
412.646 60.1344
405.596 124.416
442.921 181.647
582.267 301.087
412.066 62.7057
468.8 295.612
415.052 226.935
415.052 161.243
418.038 295.612
404.9 121.828
