192 112
453 84
374.4 283.2
184.8 93.6
476.64 240.48
485.28 158.4
221.76 227.52
487.296 74.304
390.528 328.32
475.2 278.208
190.08 110.592
452.736 82.944
501.12 202.176
390.528 231.552
408.499 101.606
418.867 180.403
567.337 226.437
413.061 69.673
393.155 124.416
394.15 122.425
385.192 217.977
220.963 226.935
523.145 200.658
465.814 197.075
99 191
496.8 79.2
374.4 283.2
517.2 225.6
470.4 220.8
565.92 27.36
476.64 240.48
571.968 191.808
390.528 328.32
390.528 231.552
520.474 163.814
544.942 129.393
519.561 203.047
424.01 259.781
465.814 197.075
