576 118.8
214.8 321.6
60 400.8
334.08 195.84
397.44 44.64
48.96 334.08
367.2 128.16
129.6 387.36
110.88 190.08
577.152 84.672
340.416 89.856
89.856 174.528
150.336 200.448
340.07 91.2384
298.598 89.1648
578.534 82.944
156.764 151.788
181.647 111.974
211.507 176.671
346.374 179.159
125.411 250.823
195.6 306
39.6 277.2
66 102
150.336 200.448
340.07 91.2384
45.6192 333.85
211.507 269.568
132.71 238.464
151.373 199.066
182.477 111.974
246.758 107.827
67.1846 99.5328
156.764 348.365
211.507 176.671
175.576 161.243
125.411 250.823
204.241 229.324
