27 278
117.6 292.8
158.4 262.8
172.8 274.8
264 362.4
110.4 402
108 371.52
172.8 273.6
280.8 316.8
264.384 362.88
130.637 333.85
105.754 410.573
290.304 362.88
189.112 360.806
149.299 338.412
121.928 345.877
191.103 337.416
100.329 354.735
268.739 347.569
515 189
203 183
178 398
264 363
146.4 358.8
195.6 331.2
156 273.6
165.888 236.736
311.04 224.64
183.168 233.28
264.384 362.88
277.862 219.802
58.0608 282.01
49.7664 412.646
130.637 333.85
41.472 207.36
308.552 243.855
106.998 410.573
47.2781 413.061
149.299 337.416
191.103 337.416
121.828 343.985
308.154 225.74
