0.085601 -0.730714 1.38632
-0.727306 -0.221063 1.30451
-1.04482 -0.0349674 1.26215
-0.46457 -0.518647 1.30572
0.219587 -0.151988 1.45607
-1.08272 -0.176952 1.23814
-0.398708 -0.678469 1.30628
-0.898904 -0.0694689 1.27546
-0.962179 -0.501647 1.21348
0.0877043 -0.815915 1.38068
-0.463371 -0.768668 1.29419
-1.01397 -0.537638 1.21138
-0.880876 -0.487563 1.24405
-0.470819 -0.768639 1.30176
-0.57056 -0.76999 1.2914
0.0870418 -0.817219 1.38075
-0.874608 -0.599501 1.23596
-0.84161 -0.711295 1.28594
-0.740879 -0.548706 1.25822
-1.02488 -1.02943 1.25918
-0.927 -0.371154 1.24596
-0.762678 -0.254507 1.28877
-1.11466 -0.305506 1.23481
-1.06828 -0.691266 1.1701
-0.880876 -0.487563 1.24405
-0.470819 -0.768639 1.30176
-1.08746 -0.178503 1.24133
-0.727496 -0.336635 1.27057
-0.919521 -0.401907 1.25861
-0.879485 -0.4904 1.23934
-0.84161 -0.711295 1.28594
-0.698097 -0.732039 1.30832
-1.0598 -0.688728 1.15413
-0.84264 -0.16153 1.28841
-0.740879 -0.548706 1.25822
-0.838195 -0.585776 1.24966
-0.927 -0.371154 1.24596
-0.758647 -0.424842 1.28079
