-3.00245 -0.371295 0.339206
-2.30826 0.309244 -0.0978237
-2.91339 -0.657896 0.861867
-2.0764 -0.668565 1.06291
-1.24578 -0.540796 1.16042
-1.21723 -0.364108 1.21138
-1.20797 -0.303715 1.21635
-1.87017 -0.350723 1.06654
-2.06281 -0.456706 1.00121
-2.53329 -0.860416 0.360601
-2.06502 -0.676311 1.0455
-2.94936 -0.45789 -0.647185
-2.97344 -0.581104 0.275362
-2.37487 -0.713101 0.920732
-2.00436 0.361537 -0.0226306
-2.10265 -0.743936 0.927367
-2.90259 -0.654074 0.848078
-1.92896 -0.497885 1.81395
-1.82469 -0.101076 1.26201
-2.0764 -0.668565 1.06291
-2.25737 -0.782326 1.1781
-1.23129 -0.239341 1.22342
-1.24578 -0.540796 1.16042
-1.14606 -0.385812 1.21336
-0.964787 -0.299444 1.25815
-1.83249 -0.282338 1.18956
-1.09317 -0.247584 1.24516
-1.22918 -0.158722 1.22459
-0.98765 -0.331004 1.2438
-0.965501 -0.705362 1.16821
-1.20086 -0.72862 1.15019
-1.20967 -0.510191 1.18128
-1.01397 -0.537638 1.21138
-2.06271 -0.597006 0.933894
-1.12265 -0.514995 1.20631
-1.11368 -0.305655 1.22518
-1.1203 -0.372947 1.21364
-0.996076 -0.389866 1.18801
-1.1432 -0.446711 1.2182
-1.18369 -0.651356 1.1459
-1.21546 -0.160841 1.20855
-1.16474 -0.603119 1.18032
