0.476012 0.302225 -1.94325
0.0405786 0.172232 -2.04994
0.189429 0.176655 -2.12945
-0.569542 0.864437 -3.22466
0.466726 0.424954 -1.81367
-0.57251 0.869473 -3.2395
0.0392146 0.254793 -1.99156
0.267621 0.11705 -2.01275
0.493234 0.31132 -1.97921
0.363539 0.073657 -4.03796
-0.0357596 0.385521 -2.01365
0.193089 0.40248 -1.67738
0.399457 0.0840779 -4.25286
0.452469 0.390699 -1.98251
0.0292259 0.568777 -1.90782
0.0294251 0.518868 -2.01899
0.48416 0.396541 -1.73593
0.517806 0.422727 -1.80495
0.489131 0.307344 -1.94909
-0.533771 1.01078 -3.15823
0.019923 0.363215 -2.06927
0.367409 0.184983 -1.92553
0.0304019 0.256679 -1.99505
0.0292259 0.568777 -1.90782
-0.550098 1.08138 -3.34715
-0.920805 0.16775 -3.7378
0.363539 0.073657 -4.03796
0.440409 0.384859 -1.96511
0.493234 0.31132 -1.97921
0.452469 0.390699 -1.98251
0.116592 0.290181 -1.26609
0.0294251 0.518868 -2.01899
-0.0779686 0.437569 -2.00727
0.522207 0.428033 -1.8173
0.0247074 0.567286 -1.91448
0.517806 0.422727 -1.80495
0.489131 0.307344 -1.94909
