-1.20967 -0.510191 1.18128
-0.960424 -0.50167 1.21197
-0.872188 -0.596489 1.22454
-0.820005 -0.573982 1.24179
-0.556883 -0.373582 1.30174
-0.923837 -0.220726 1.21647
-0.964787 -0.299444 1.25815
-0.826176 -0.581697 1.25292
-0.528839 -0.499113 1.30484
-0.560009 -0.378097 1.32362
-0.919521 -0.401907 1.25861
-0.94469 -0.201455 1.25836
-0.480129 -0.368384 1.2595
-0.757845 -0.355372 1.32819
-0.865269 -0.401151 1.26004
-0.927 -0.371154 1.24596
-0.758647 -0.424842 1.28079
-0.984485 -0.335612 1.24013
-0.556229 -0.412216 1.30413
-0.347505 -0.941602 1.42368
-0.828058 -0.898345 1.32127
-0.762678 -0.254507 1.28877
-0.556883 -0.373582 1.30174
-0.872929 -0.344622 1.29469
-0.750254 -0.434632 1.28745
-0.87395 -0.572902 1.24381
-0.895684 -0.704 1.32728
-0.470819 -0.768639 1.30176
-0.84161 -0.711295 1.28594
-0.560009 -0.378097 1.32362
-0.572986 -0.766694 1.29132
-1.12265 -0.514995 1.20631
-1.08746 -0.178503 1.24133
-0.919521 -0.401907 1.25861
-1.18588 -0.699189 1.12735
-0.475871 -0.713353 1.30471
-0.94469 -0.201455 1.25836
-1.08579 -0.182496 1.2322
-0.865269 -0.401151 1.26004
-0.758647 -0.424842 1.28079
-0.927 -0.371154 1.24596
-0.476586 -0.764012 1.29797
