-0.564832 -0.695138 1.2842
-1.20967 -0.510191 1.18128
-1.7472 -0.575253 1.1993
-1.22131 -0.158016 1.21171
-0.688073 -0.84178 1.28315
-1.32748 -0.724416 1.13227
-0.964787 -0.299444 1.25815
-1.22918 -0.158722 1.22459
-1.00214 -0.388386 1.20425
-1.11049 -0.50797 1.18937
-1.20797 -0.303715 1.21635
-0.825692 -0.834572 1.25939
-1.13453 -0.441261 1.20582
-0.826176 -0.581697 1.25292
-1.14606 -0.385812 1.21336
-1.01307 -0.536346 1.21175
-1.03934 -0.0227711 1.24274
-1.1202 -0.310448 1.1947
-1.2289 -0.594931 1.16259
-0.865269 -0.401151 1.26004
-1.16549 -0.474738 1.17373
-1.18369 -0.651356 1.1459
-1.1347 -0.314162 1.24579
-0.462947 -0.158417 0.540911
-1.26269 -0.822754 1.12358
-1.09182 -0.241496 1.22597
-2.028 -0.39193 1.31607
-0.762678 -0.254507 1.28877
-2.05864 -0.250377 1.05257
-1.22131 -0.158016 1.21171
-2.25737 -0.782326 1.1781
-0.872188 -0.596489 1.22454
-0.962179 -0.501647 1.21348
-1.24578 -0.540796 1.16042
-0.964787 -0.299444 1.25815
-2.06271 -0.597006 0.933894
-1.20967 -0.510191 1.18128
-1.08272 -0.176952 1.23814
-1.00214 -0.388386 1.20425
-1.14606 -0.385812 1.21336
-1.23148 -0.0422306 1.21373
-0.875313 -0.0743729 1.21184
-1.21074 -0.756772 1.17809
-0.874317 -0.329503 1.25574
-2.03771 -0.289134 1.34466
-1.90176 -0.220136 1.08146
-1.05251 -0.12636 1.25031
-1.23026 -0.765634 1.2122
-0.965501 -0.705362 1.16821
-1.18369 -0.651356 1.1459
-0.919521 -0.401907 1.25861
-0.996076 -0.389866 1.18801
-1.1347 -0.314162 1.24579
-0.865269 -0.401151 1.26004
-1.00761 -0.40464 1.24112
