-1.86749 -0.675208 1.25929
-1.13453 -0.441261 1.20582
-1.20967 -0.510191 1.18128
-1.8584 -0.467871 1.02154
-1.22131 -0.158016 1.21171
-1.32748 -0.724416 1.13227
-0.96792 -0.195945 1.28595
-0.87395 -0.572902 1.24381
-0.872188 -0.596489 1.22454
-0.816228 -0.595772 1.21766
-0.820005 -0.573982 1.24179
-1.22456 -0.16121 1.21926
-1.14606 -0.385812 1.21336
-1.12265 -0.514995 1.20631
-1.19568 -0.65809 1.16684
-0.919521 -0.401907 1.25861
-0.921837 -0.404964 1.24623
-0.996076 -0.389866 1.18801
-1.11049 -0.50797 1.18937
-1.19243 -0.502028 1.17066
-1.09182 -0.241496 1.22597
-1.00932 -0.531965 1.21176
-1.22131 -0.158016 1.21171
-1.20967 -0.510191 1.18128
-0.823533 -0.688858 1.2153
-2.03986 -0.394685 1.32505
-0.964787 -0.299444 1.25815
-1.22918 -0.158722 1.22459
-1.24568 -0.782609 1.24769
-1.8389 -0.365767 1.11012
-1.00214 -0.388386 1.20425
-1.28861 -0.61867 1.17107
-0.87395 -0.572902 1.24381
-0.872929 -0.344622 1.29469
-2.03771 -0.289134 1.34466
-0.880876 -0.487563 1.24405
-1.23148 -0.0422306 1.21373
-1.20797 -0.303715 1.21635
-1.23026 -0.765634 1.2122
-1.2289 -0.594931 1.16259
-1.1432 -0.446711 1.2182
-0.84264 -0.16153 1.28841
-1.21074 -0.756772 1.17809
-1.08579 -0.182496 1.2322
-1.2276 -0.336257 1.19839
-1.20692 -0.506324 1.18543
-1.21546 -0.160841 1.20855
-1.23104 -0.608147 1.16836
