0.424598 0.355641 -0.746622
1.13662 0.336744 -1.79315
1.12695 0.0570655 -1.89791
0.87671 0.157826 -1.98291
0.474296 0.405929 -1.17624
0.568116 0.405915 -1.81962
1.11767 0.132215 -1.84471
0.947375 0.251671 -1.80595
0.625607 0.449962 -1.9188
0.609024 0.261541 -1.89774
0.613676 0.146772 -1.91094
1.06448 0.100539 -1.83627
1.0623 0.155355 -1.8253
0.882801 0.347509 -1.82604
0.482931 0.409936 -1.20369
0.953581 0.255236 -1.81348
0.317208 0.436363 -1.36529
1.25803 0.203598 -1.78689
1.06199 0.149686 -1.82224
0.0319456 0.543161 -1.93152
0.0954819 0.413009 -2.01274
-0.0329424 0.216442 -2.00471
0.173063 0.419782 -1.96482
0.440409 0.384859 -1.96511
0.0176553 0.366913 -1.32626
0.0710802 0.375816 -2.0687
-0.211867 0.328763 -1.87229
0.552546 0.225154 -1.82474
0.0967893 0.411835 -2.00773
0.120073 0.295098 -1.27217
0.488456 0.117292 -1.93595
-0.0357596 0.385521 -2.01365
0.188491 0.410037 -1.94654
0.0392146 0.254793 -1.99156
1.09598 -0.0978799 -3.43336
0.0155056 0.357447 -2.05363
0.0446002 0.258752 -1.9941
0.0305845 0.577195 -1.93625
0.688826 0.403465 -1.87257
