-0.872188 -0.596489 1.22454
-1.22525 -0.367283 1.23613
-1.04482 -0.0349674 1.26215
-2.028 -0.39193 1.31607
-2.25737 -0.782326 1.1781
-0.875313 -0.0743729 1.21184
-1.24568 -0.782609 1.24769
-0.964787 -0.299444 1.25815
-1.08272 -0.176952 1.23814
-0.880876 -0.487563 1.24405
-1.01397 -0.537638 1.21138
-1.9189 -0.265333 1.06714
-1.8871 -0.125641 1.32246
-1.05251 -0.12636 1.25031
-1.22456 -0.16121 1.21926
-2.03771 -0.289134 1.34466
-0.965479 -0.198293 1.28414
-1.20797 -0.303715 1.21635
-0.773117 -0.112344 1.26651
-0.825692 -0.834572 1.25939
-0.919521 -0.401907 1.25861
-0.727496 -0.336635 1.27057
-1.11368 -0.305655 1.22518
-1.21909 -0.3734 1.21791
-1.1432 -0.446711 1.2182
-1.1203 -0.372947 1.21364
-0.9002 -0.831111 1.25457
-0.874608 -0.599501 1.23596
-1.1347 -0.314162 1.24579
-1.21914 -0.340484 1.18811
-0.865269 -0.401151 1.26004
-1.0846 -0.327601 1.20747
-1.86262 -0.440749 1.04488
-1.11466 -0.305506 1.23481
-1.22525 -0.367283 1.23613
-1.22918 -0.158722 1.22459
-2.028 -0.39193 1.31607
-1.21074 -0.756772 1.17809
-0.556883 -0.373582 1.30174
-1.28861 -0.61867 1.17107
-1.27857 -0.721986 1.15332
-0.904634 -0.393436 1.23086
-1.20967 -0.510191 1.18128
-0.880876 -0.487563 1.24405
-1.08272 -0.176952 1.23814
-1.22456 -0.16121 1.21926
-1.07829 -0.69904 1.18886
-1.23026 -0.765634 1.2122
-1.08746 -0.178503 1.24133
-2.03771 -0.289134 1.34466
-1.20797 -0.303715 1.21635
-0.919521 -0.401907 1.25861
-0.825692 -0.834572 1.25939
-0.84264 -0.16153 1.28841
-1.1432 -0.446711 1.2182
-0.867676 -0.399908 1.26307
-0.560009 -0.378097 1.32362
-1.82542 -0.274138 1.11801
-1.21453 -0.16467 1.21638
-0.758647 -0.424842 1.28079
-1.22203 -0.762498 1.20301
-0.711741 -0.710355 1.30732
-0.865269 -0.401151 1.26004
