0.085601 -0.730714 1.38632
-0.0801985 0.232995 0.253182
-0.151968 -0.164184 0.548016
-1.11368 -0.305655 1.22518
-0.826176 -0.581697 1.25292
-0.820005 -0.573982 1.24179
-1.29849 -0.852374 1.18146
-0.698097 -0.732039 1.30832
-0.496772 0.0144784 0.226051
-1.12265 -0.514995 1.20631
-1.11694 -0.390381 1.21737
-0.867676 -0.399908 1.26307
-1.13453 -0.441261 1.20582
-0.470819 -0.768639 1.30176
-1.30009 -0.693786 1.0993
-1.0598 -0.688728 1.15413
-0.84161 -0.711295 1.28594
-1.16549 -0.474738 1.17373
-1.14606 -0.385812 1.21336
-0.874608 -0.599501 1.23596
-1.09317 -0.247584 1.24516
-1.1203 -0.372947 1.21364
-0.845357 -0.720015 1.30991
-0.872188 -0.596489 1.22454
-1.06828 -0.691266 1.1701
-1.11466 -0.305506 1.23481
-0.964787 -0.299444 1.25815
-0.750254 -0.434632 1.28745
-1.0846 -0.327601 1.20747
-1.07829 -0.69904 1.18886
-0.84161 -0.711295 1.28594
-0.470819 -0.768639 1.30176
-1.0598 -0.688728 1.15413
-1.19568 -0.65809 1.16684
-1.20797 -0.303715 1.21635
-0.572986 -0.766694 1.29132
-0.755464 -0.407886 1.28804
-0.867676 -0.399908 1.26307
-0.475871 -0.713353 1.30471
-0.865269 -0.401151 1.26004
-1.22203 -0.762498 1.20301
-1.11049 -0.50797 1.18937
