-2.0764 -0.668565 1.06291
-1.06828 -0.691266 1.1701
-1.22918 -0.158722 1.22459
-2.25737 -0.782326 1.1781
-0.964787 -0.299444 1.25815
-0.960424 -0.50167 1.21197
-2.03771 -0.289134 1.34466
-0.965501 -0.705362 1.16821
-1.1567 -0.0466269 1.21663
-0.965479 -0.198293 1.28414
-2.10079 -0.679403 1.08038
-1.07829 -0.69904 1.18886
-0.919521 -0.401907 1.25861
-1.20797 -0.303715 1.21635
-1.18369 -0.651356 1.1459
-1.1432 -0.446711 1.2182
-0.742574 -0.347789 1.27235
-1.24568 -0.782609 1.24769
-1.2289 -0.594931 1.16259
-1.23104 -0.608147 1.16836
-1.21914 -0.340484 1.18811
-1.82542 -0.274138 1.11801
-0.865269 -0.401151 1.26004
-1.00761 -0.40464 1.24112
-1.12699 -0.962306 0.870841
-0.958348 -0.696782 1.19552
-1.22131 -0.158016 1.21171
-0.872929 -0.344622 1.29469
-0.976913 -0.344134 1.21296
-1.30709 -0.56642 1.00576
-0.964787 -0.299444 1.25815
-0.750254 -0.434632 1.28745
-1.1567 -0.0466269 1.21663
-1.20797 -0.303715 1.21635
-0.879485 -0.4904 1.23934
-0.828094 -0.58012 1.24531
-0.865269 -0.401151 1.26004
-1.09182 -0.241496 1.22597
-1.00761 -0.40464 1.24112
